r3-T1_NC_010605.1_pACICU1_c38	NODE_107_length_8858_cov_100.784561	100.000	951	0	0	1	951	6899	5949	0.0	1757
r3-T1_CP012955.1_pD36-3_c40	NODE_107_length_8858_cov_100.784561	99.790	951	2	0	1	951	6899	5949	0.0	1746
r3-T1_CP014217.1_p1YU-R612_c57	NODE_107_length_8858_cov_100.784561	99.894	943	0	1	1	942	6899	5957	0.0	1735
r3-T1_CP072307.1_p2KSKSensitive_c42	NODE_107_length_8858_cov_100.784561	96.951	951	29	0	1	951	6899	5949	0.0	1596
r3-T1_NZ_CP044452.1_pMMS9-2-2_A_indicus	NODE_107_length_8858_cov_100.784561	98.726	942	12	0	1	942	6899	5958	0.0	1674
r3-T1_NZ_CP044467.1_pHZE23-1-4_A_schindleri	NODE_107_length_8858_cov_100.784561	96.425	951	34	0	1	951	6899	5949	0.0	1568
r3-T1_NZ_MK978163.1_pAVAci94_A_lwoffii	NODE_107_length_8858_cov_100.784561	95.794	951	40	0	1	951	6899	5949	0.0	1535
r3-T1_CP015486.1_pORAB01-3.1_c41	NODE_107_length_8858_cov_100.784561	97.266	951	26	0	1	951	6899	5949	0.0	1613
r3-T1_CP099794.1_NCCP_16006	NODE_107_length_8858_cov_100.784561	99.895	952	0	1	1	952	6899	5949	0.0	1751
r3-T1_NC_009084.1_pAB2_c39	NODE_107_length_8858_cov_100.784561	99.895	951	1	0	1	951	6899	5949	0.0	1751
r3-T4_AY541809.1_pMAC_c66	NODE_151_length_4585_cov_39.866511	100.000	936	0	0	1	936	2897	3832	0.0	1729
r3-T4_CP090183.1_pAB1343	NODE_151_length_4585_cov_39.866511	99.466	936	0	2	1	931	2897	3832	0.0	1696
r3-T4_CM009653.1_p5ZQ6_c67	NODE_151_length_4585_cov_39.866511	98.932	936	10	0	1	936	2897	3832	0.0	1674
r3-T4_CP095092.1_AB4451	NODE_151_length_4585_cov_39.866511	99.787	937	0	2	1	936	2897	3832	0.0	1718
