r3-T1_NC_010605.1_pACICU1_c38	NODE_334_length_2026_cov_3.133228	100.000	951	0	0	1	951	1998	1048	0.0	1757
r3-T1_CP012955.1_pD36-3_c40	NODE_334_length_2026_cov_3.133228	99.790	951	2	0	1	951	1998	1048	0.0	1746
r3-T1_CP014217.1_p1YU-R612_c57	NODE_334_length_2026_cov_3.133228	99.894	943	0	1	1	942	1998	1056	0.0	1735
r3-T1_CP072307.1_p2KSKSensitive_c42	NODE_334_length_2026_cov_3.133228	96.951	951	29	0	1	951	1998	1048	0.0	1596
r3-T1_NZ_CP044452.1_pMMS9-2-2_A_indicus	NODE_334_length_2026_cov_3.133228	98.726	942	12	0	1	942	1998	1057	0.0	1674
r3-T1_NZ_CP044467.1_pHZE23-1-4_A_schindleri	NODE_334_length_2026_cov_3.133228	96.425	951	34	0	1	951	1998	1048	0.0	1568
r3-T1_NZ_MK978163.1_pAVAci94_A_lwoffii	NODE_334_length_2026_cov_3.133228	95.794	951	40	0	1	951	1998	1048	0.0	1535
r3-T1_CP015486.1_pORAB01-3.1_c41	NODE_334_length_2026_cov_3.133228	97.266	951	26	0	1	951	1998	1048	0.0	1613
r3-T1_CP099794.1_NCCP_16006	NODE_334_length_2026_cov_3.133228	99.895	952	0	1	1	952	1998	1048	0.0	1751
r3-T1_NC_009084.1_pAB2_c39	NODE_334_length_2026_cov_3.133228	99.895	951	1	0	1	951	1998	1048	0.0	1751
r3-T3_CM008330.1_pAC0021R4_c22	NODE_372_length_1733_cov_2.311955	99.105	894	8	0	229	1122	1733	840	0.0	1607
r3-T3_CM008330.1_pAC0021R4_c22	NODE_544_length_662_cov_2.680374	100.000	98	0	0	1	98	98	1	8.36e-46	182
r3-T3_AP022239.1_pWP8-W18-ESBL-11_1_c21	NODE_372_length_1733_cov_2.311955	99.888	894	1	0	229	1122	1733	840	0.0	1646
r3-T3_AP022239.1_pWP8-W18-ESBL-11_1_c21	NODE_544_length_662_cov_2.680374	100.000	98	0	0	1	98	98	1	8.36e-46	182
r3-T3_NZ_CP087333.1_p2LMG994_A_baumannii	NODE_372_length_1733_cov_2.311955	99.217	894	7	0	229	1122	1733	840	0.0	1613
r3-T3_NZ_CP087333.1_p2LMG994_A_baumannii	NODE_544_length_662_cov_2.680374	98.980	98	1	0	1	98	98	1	3.89e-44	176
r3-T3_CP028139.1_pAbNCIMB8209_134_c26	NODE_372_length_1733_cov_2.311955	99.553	894	4	0	229	1122	1733	840	0.0	1629
r3-T3_CP028139.1_pAbNCIMB8209_134_c26	NODE_544_length_662_cov_2.680374	100.000	98	0	0	1	98	98	1	8.36e-46	182
r3-T3_CP041590.1_pJ9-3_c29	NODE_372_length_1733_cov_2.311955	99.553	894	4	0	229	1122	1733	840	0.0	1629
r3-T3_CP041590.1_pJ9-3_c29	NODE_544_length_662_cov_2.680374	100.000	98	0	0	1	98	98	1	8.36e-46	182
r3-T3_CP062920.1_p4Res13-Abat_c31	NODE_372_length_1733_cov_2.311955	99.329	894	6	0	229	1122	1733	840	0.0	1618
r3-T3_CP062920.1_p4Res13-Abat_c31	NODE_544_length_662_cov_2.680374	98.980	98	1	0	1	98	98	1	3.89e-44	176
r3-T3_CP032217.1_p2UPAB1_c27	NODE_372_length_1733_cov_2.311955	99.105	894	8	0	229	1122	1733	840	0.0	1607
r3-T3_CP032217.1_p2UPAB1_c27	NODE_544_length_662_cov_2.680374	98.980	98	1	0	1	98	98	1	3.89e-44	176
r3-T3_CP046537.1_pXL380_c30	NODE_372_length_1733_cov_2.311955	98.993	894	9	0	229	1122	1733	840	0.0	1602
r3-T3_CP046537.1_pXL380_c30	NODE_544_length_662_cov_2.680374	100.000	98	0	0	1	98	98	1	8.36e-46	182
r3-T3_NZ_CP110466.1_pRBH2-4_A_baumannii	NODE_372_length_1733_cov_2.311955	100.000	894	0	0	229	1122	1733	840	0.0	1652
r3-T3_NZ_CP110466.1_pRBH2-4_A_baumannii	NODE_544_length_662_cov_2.680374	100.000	98	0	0	1	98	98	1	8.36e-46	182
r3-T3_CP034093.1_pA52-1_c28	NODE_372_length_1733_cov_2.311955	99.105	894	8	0	229	1122	1733	840	0.0	1607
r3-T3_CP034093.1_pA52-1_c28	NODE_544_length_662_cov_2.680374	98.980	98	1	0	1	98	98	1	3.89e-44	176
r3_T3_CP059475.1_pM175-3.1	NODE_372_length_1733_cov_2.311955	99.105	894	8	0	229	1122	1733	840	0.0	1607
r3_T3_CP059475.1_pM175-3.1	NODE_544_length_662_cov_2.680374	100.000	98	0	0	1	98	98	1	8.36e-46	182
r3-T3_CP018333.1_pA1296_1_c23	NODE_372_length_1733_cov_2.311955	99.553	894	4	0	229	1122	1733	840	0.0	1629
r3-T3_CP018333.1_pA1296_1_c23	NODE_544_length_662_cov_2.680374	100.000	98	0	0	1	98	98	1	8.36e-46	182
r3-T3_CP026128.1_pABA-1fe1_c24	NODE_372_length_1733_cov_2.311955	99.441	894	5	0	229	1122	1733	840	0.0	1624
r3-T3_CP026128.1_pABA-1fe1_c24	NODE_544_length_662_cov_2.680374	100.000	98	0	0	1	98	98	1	8.36e-46	182
r3-T3_CP027182.1_p4AR_0070_c25	NODE_372_length_1733_cov_2.311955	99.217	894	7	0	229	1122	1733	840	0.0	1613
r3-T3_CP027182.1_p4AR_0070_c25	NODE_544_length_662_cov_2.680374	100.000	98	0	0	1	98	98	1	8.36e-46	182
r3-T3_CP072527.1_pDETAB4_c32	NODE_372_length_1733_cov_2.311955	99.441	894	5	0	229	1122	1733	840	0.0	1624
r3-T3_CP072527.1_pDETAB4_c32	NODE_544_length_662_cov_2.680374	98.980	98	1	0	1	98	98	1	3.89e-44	176
r3-T6_CM009030.2_p1ZQ10_c74.1	NODE_107_length_11413_cov_85.069910	99.892	930	1	0	1	930	9569	10498	0.0	1712
r3-T6_NZ_CP027248.1_p2_100004_rep1_A_pittii	NODE_107_length_11413_cov_85.069910	99.892	930	1	0	1	930	9569	10498	0.0	1712
r3-T6_NZ_CP048663.1_pYH12207-4_A_piscicola	NODE_107_length_11413_cov_85.069910	99.892	930	1	0	1	930	9569	10498	0.0	1712
r3-T6_CP042207.1_pTS9900_c75.2	NODE_107_length_11413_cov_85.069910	100.000	930	0	0	1	930	9569	10498	0.0	1718
r3-T6_NZ_AYFH01000048.1_pABUH3a-8.2_c76	NODE_107_length_11413_cov_85.069910	99.462	930	5	0	1	930	9569	10498	0.0	1690
r3-T7_NC_010404.1_p3ABAYE_c2	NODE_131_length_8347_cov_15.050973	99.659	1173	4	0	1	1173	1461	289	0.0	2145
r3-T7_CP027245.2_pOXA58_005078_c3	NODE_131_length_8347_cov_15.050973	98.551	1173	17	0	1	1173	1461	289	0.0	2073
r3-T7_NZ_ALIG01000010.1_pAV3_rep2_A_venetianus	NODE_131_length_8347_cov_15.050973	98.380	1173	19	0	1	1173	1461	289	0.0	2061
r3-T7_NZ_CP077233.1_FDAARGOS_1397_plasmid_unnamed1_A_pittii	NODE_131_length_8347_cov_15.050973	99.233	1173	9	0	1	1173	1461	289	0.0	2117
r3-T7_CP038263.1_pEC_gr13_c5	NODE_131_length_8347_cov_15.050973	99.744	1173	3	0	1	1173	1461	289	0.0	2150
r3-T7_NZ_CM012183.1_p1ZQ9_A_bereziniae	NODE_131_length_8347_cov_15.050973	98.124	1173	22	0	1	1173	1461	289	0.0	2045
r3-T7_NZ_CP010358.1_pXBB1-8_A_johnsonii	NODE_131_length_8347_cov_15.050973	98.295	1173	20	0	1	1173	1461	289	0.0	2056
r3-T7_NZ_CP022299.1_pIC001A_A_johnsonii	NODE_131_length_8347_cov_15.050973	98.636	1173	16	0	1	1173	1461	289	0.0	2078
r3-T7_NZ_CP089053.1_pRIVM_C010559_2_A_ursingii	NODE_131_length_8347_cov_15.050973	98.636	1173	16	0	1	1173	1461	289	0.0	2078
r3-T7_NZ_CP038025.1_pAR3_A_radioresistens	NODE_131_length_8347_cov_15.050973	98.806	1173	14	0	1	1173	1461	289	0.0	2089
r3-T7_NZ_CP079794.1_pAJ_082-3_A_johnsonii	NODE_131_length_8347_cov_15.050973	97.101	1173	34	0	1	1173	1461	289	0.0	1978
r3-T7_NZ_CP068175.1_FDAARGOS_1096_plasmid_unnamed1_A_ursingii	NODE_131_length_8347_cov_15.050973	98.721	1173	15	0	1	1173	1461	289	0.0	2084
r3-T7_NZ_CP069498.1_FDAARGOS_1217_plasmid_unnamed2_A_pittii	NODE_131_length_8347_cov_15.050973	99.488	1173	6	0	1	1173	1461	289	0.0	2134
r3-T7_CP033769.1_p2FDAARGOS_533_c4	NODE_131_length_8347_cov_15.050973	100.000	1173	0	0	1	1173	1461	289	0.0	2167
r3-T7_CP041149.1_pCUVET596_c6	NODE_131_length_8347_cov_15.050973	98.465	1173	18	0	1	1173	1461	289	0.0	2067
r3-T7_CP044357.1_pCAM180A_c7	NODE_131_length_8347_cov_15.050973	99.574	1173	5	0	1	1173	1461	289	0.0	2139
r3-T13_NZ_AP021938.1_pWP2-W18-ESBL-11_2_A_pittii	NODE_221_length_3535_cov_42.563674	98.925	930	10	0	1	930	1800	871	0.0	1663
r3-T13_NZ_JAPHLB020000018.1_pT190_4_A_baumannii	NODE_221_length_3535_cov_42.563674	99.032	930	9	0	1	930	1800	871	0.0	1668
r3-T13_NZ_CP027662.1_pApW20-4_A_pittii	NODE_221_length_3535_cov_42.563674	98.925	930	10	0	1	930	1800	871	0.0	1663
r3-T13_CP026126.1_pABA-6973_c78	NODE_221_length_3535_cov_42.563674	100.000	930	0	0	1	930	1800	871	0.0	1718
r3-T13_NZ_CP077374.1_FDAARGOS_1394_plasmid_unnamed5_A_lwoffii	NODE_221_length_3535_cov_42.563674	97.957	930	19	0	1	930	1800	871	0.0	1613
r3-T13_CP010400.1_p6200.2_c77	NODE_221_length_3535_cov_42.563674	99.892	930	1	0	1	930	1800	871	0.0	1712
r3-T13_CP059388.1_p2.36-1512_c79	NODE_221_length_3535_cov_42.563674	98.817	930	11	0	1	930	1800	871	0.0	1657
r3-T13_NZ_AFDA02000008.1_pNaval18-8.4_c80	NODE_221_length_3535_cov_42.563674	97.312	930	25	0	1	930	1800	871	0.0	1580
r1-T6_CP080453.1_pMRSN56-1_418_A_baum	NODE_304_length_2303_cov_1267.868566	98.626	946	13	0	237	1182	1	946	0.0	1676
r1-T6_CP080453.1_pMRSN56-1_418_A_baum	NODE_304_length_2303_cov_1267.868566	99.174	363	3	0	1	363	1941	2303	0.0	654
rP-T1_CP017647.1_pKAB03_c9	NODE_7_length_70586_cov_14.237046	99.235	1176	9	0	1	1176	50954	52129	0.0	2122
rP-T1_CP012008.1_pAB04-2_c8	NODE_7_length_70586_cov_14.237046	99.235	1176	9	0	1	1176	50954	52129	0.0	2122
rP-T1_CP024578.1_pAbPK1b_c10	NODE_7_length_70586_cov_14.237046	99.235	1176	9	0	1	1176	50954	52129	0.0	2122
rP-T1_AP023078.1_pOCU_Ac16a_1_c4	NODE_7_length_70586_cov_14.237046	99.235	1176	9	0	1	1176	50954	52129	0.0	2122
rP-T1_CP001922.1_ABKp1_c6	NODE_7_length_70586_cov_14.237046	99.320	1176	8	0	1	1176	50954	52129	0.0	2128
rP-T1_CP002524.1_p2ABTCDC0715_c7	NODE_7_length_70586_cov_14.237046	99.320	1176	8	0	1	1176	50954	52129	0.0	2128
rP-T1_CM009084.2_p2ZQ9_c5	NODE_7_length_70586_cov_14.237046	100.000	1176	0	0	1	1176	50954	52129	0.0	2172
rP-T1_CP050909.1_p2DT-Ab022_c11	NODE_7_length_70586_cov_14.237046	99.830	1176	2	0	1	1176	50954	52129	0.0	2161
rP-T1_NZ_CP106989.1_pNY13623-1_A_baumannii	NODE_7_length_70586_cov_14.237046	100.000	1164	0	0	1	1164	50966	52129	0.0	2150
rP-T1_CP094285_pNY5301-2	NODE_7_length_70586_cov_14.237046	99.828	1164	2	0	1	1164	50966	52129	0.0	2139
rP-T1_MG954377.1_pS21-2_c13	NODE_7_length_70586_cov_14.237046	99.065	1176	11	0	1	1176	50954	52129	0.0	2111
rP-T1_MK531538.1_pMC23.1_c14	NODE_7_length_70586_cov_14.237046	99.150	1176	10	0	1	1176	50954	52129	0.0	2117
rP-T1_CP096756.1_p5663	NODE_7_length_70586_cov_14.237046	99.141	1164	10	0	1	1164	50966	52129	0.0	2095
rP-T1_NZ_CP102817.1_AB32-VUB_plasmid_unnamed3_A_baumannii	NODE_7_length_70586_cov_14.237046	99.694	981	0	1	1	981	51152	52129	0.0	1792
rP-T1_NC_010606.1_pACICU2_c3	NODE_7_length_70586_cov_14.237046	99.830	1178	0	2	1	1178	50954	52129	0.0	2163
rP-T1_CP082226.1_p2016BJAB1	NODE_7_length_70586_cov_14.237046	99.076	1190	9	2	1	1188	50954	52143	0.0	2135
